736
22
775
906
48
935
688
92
260
145
768
542 993
215 566
707
745
451
406
742
951
125
550
217
127
570
241
594
712
845
623
502
830
567
23
663
251
596
485
13
606
287
113
604
713
480
852
208
38
551
399 697
348
702
648
743
73
931
364
81
450
281
228
87
211
905
463
727
613
838 510
682
814 138
842
159
370
404
723
627
849
964
605
516
268
677
435
802
575
970
641
992
356
334
506
546
203
21
860
5
652
645
35
460
962
393
859
328
867
520
767
481 789
4
823
265
799
167
557
509
9
644
309
536
34
275
497
230
139
761
479
938
296
166
504
942
728
732
565
533
899
313
472
725
907
347
329
972
629
109
820
864
997
998
588
367
973 96
302
28
507
430
333
181
254
815
467
194
179
777
209
148
411
963
779
995 350
50
706
638
896
19
298
754
926
14
839
178
279
704
174
831
559
477
887
724
201
121
219
924
889
736
316
91 40
730
950
397
408 492
741
611
381
848
120
67 285
441
360
473
785
412
584
436
196
100
74
880
78
286
103
439
923
556
661 947
756
423
539
508
210
245
803
886
457
267
692
669
865
654
549
784
874
766
646
975
496 290
416
888
875
843
453
966
240
548 512
111
554
456
420
389
299
216
526
925
112
895
854
694
967 72
934 102
3
890
315
650
821
89
850
349
446
136
856 528
812
983
149
300
255
361
869
836
202
969
573 221
483
851
822
729
811
630 204
249 717
755
590 898
746
991 716
511 424
269 735
897 137
488
193
214 321
757
164
595 759
375 758
197
538
317
691
486
293
561
142
369
141
24
187
154
936
11
70
212
107
162 438
429
637 461
818 173
753 18
332
387
665 259
277
751 392
709 651
680
574
7
247
937 982
396
274
671
776
655
198 80
819
555
25
530
778
466 398
189
306 703
602
544 163
301
687
994
531
101 525
844
597
738
165 832
808 866
870
205
679
500
921
294
29
90
790
442
610
628 428
65 589
402 365
826
705 443
662 607
493
917
519
772
787
391
908
932 161
922
177
431
807
891 183
323
540
489
225
971
855
841 744
305
77
591
229
863
614
958 711
51 270
176
979 403
320
272
45
352
827
235
804
786
965 324
303
282
283
764
312
284
491
42
739
858 200
425
237 901
326
10 940
83
955
487 920
708
383 273
239
417 371
400
900
140
959
585 494
980 581
232
541
749 252
552 418
913
954
609 76
499
325
794 464
105 153
576
311
667
612 788
763 169
990 957
974 683
660 84
71 977
941 513
904 46
158 608
771
339 474
792
421
678
357
345 482
238 861
175 191
672
653 155
878
657 289
280 578
233
380
656
817 185
319
939
258
468
658
809
43
122
714 696
914
986
625 521
318 537
354
1
409 853
681 833
857 522
593
110
379
720 816
126 465
292
314
342
649
39
346
433
192
503 495
146 341
440
747
524 603
261
157 846
469 670
373 52
63
231 580
989
351
452 535
143 715
733
98
340
944
414 182
928 243
362
984 664
893
170
343 32
156 563
224 150
813 134
213
388 475
987
621
722
693
978
945 432
377
186
276
946 422
517 199
569
592
647
616
106
8 894
242 415
639
413 484
791
532
151 834
675 57
17
930 582
829
368 529
462
405 956
666 327
718
640
719
374
515
721 872
624 152
835 271
560
56
881 236
933
278
798 449
734
884 527
295 384
877
119 2
885 770
353 684
47 988
128 676
514
765 447
108 266
948
20 444
545 455
632 244
131 12
358
308
981 390
617 615
222
62
16
636 586
577 553
564 579
41
184
69 490
598 622
401 344
180 840
750 115
256 223
929 534
55 668
434 698
824 454
220
385 769
999 562
378
27 619
82 246
336 331
33
263 36
60
66 335
960 437
918 927
147 88
505
372 171
133 410
795 498
207 782
919 31
805 699
642
873 996
909 674
837 686
961 737
543 828
879 129
37 116
338 168
635 118
297 407
75
912 825
93 195
366 862
626
64 49
144 752
659 806
690
976
740 160
600 911
234 59
448
227 470
518 471
226 172
54 695
307 601
30 99
915 797
710 355
132
583 97
257 871
359 876
780
86 953
26 386
458 44
135
800 726
250 547
190 94
130 445
571 262
633 910
620 394
572 903
304 868
53 95
218 248
731 916
123 104
773 762
337 760
793 117
501 291
478 949
631 61
188 801
882 796
288 847
310 587
363 643
0 459
701 968
892 382
748
810 124
783 376
114 689
58 264
395 883
